-7.283399134846086850e-03 -6.143174059600476494e-02 -1.287167271517696276e-01 -2.087382228487971725e-01 -2.857166241977236454e-01
-3.471698805112729408e-02 -1.744026073621210149e-01 -3.395657224004797192e-01 -4.116624789495421655e-01 -3.416132903854138814e-01
-7.929584078258850033e-02 -3.024366684631871194e-01 -4.205135565136267628e-01 -2.288011861705338268e-01 1.205148361192984741e-01
-1.293976606264140294e-01 -4.035264176139681247e-01 -2.920754983265158589e-01 1.840261021451845558e-01 3.653823856589228924e-01
-1.919904536718268495e-01 -4.233701448458614403e-01 -8.846665205262128559e-03 3.909445188404596649e-01 -1.561056035134662789e-02
-2.578844297831839882e-01 -3.498366143814911067e-01 2.688419568885983546e-01 1.611155450213475615e-01 -3.817214540779469423e-01
-3.392489290208009489e-01 -2.143204350473798814e-01 3.695979972870827579e-01 -2.361117460962697534e-01 -1.052157458936829881e-01
-4.164949987306754697e-01 1.014722314196805572e-02 2.226518156924227332e-01 -3.497721644925566031e-01 3.396083926027096966e-01
-4.933784503102078833e-01 2.621576403874979477e-01 -1.339931093785455551e-01 -1.008206806450630873e-03 1.329476774565366559e-01
-5.834082356558348836e-01 5.432472585393534059e-01 -5.740230405897700505e-01 5.863962762884191715e-01 -6.029958544346120108e-01
