-1.193869098417209632e-02 -5.436993866866553227e-02 -1.282874377943557243e-01 -2.116305790070474313e-01 -2.863785258313042981e-01
-3.841610270694950646e-02 -1.716662220766028424e-01 -3.379326618395217530e-01 -4.033878153197057448e-01 -3.407329215722786908e-01
-7.663572765796748676e-02 -3.049210160494809085e-01 -4.264803065722585496e-01 -2.367679949172028786e-01 1.200453324378768782e-01
-1.317467414458808328e-01 -3.982838171978146935e-01 -2.924812883966243504e-01 1.692732660944742396e-01 3.593156370603458605e-01
-1.953153057330382358e-01 -4.235570507987161948e-01 -1.038502152028028709e-02 3.918627952117367252e-01 -1.792608019388342369e-02
-2.630615515237600399e-01 -3.578942032561411302e-01 2.648622850685762864e-01 1.827802044823732819e-01 -3.879168285653101789e-01
-3.411294957664095517e-01 -2.071776670667672959e-01 3.763969298930421870e-01 -2.247854696271437136e-01 -9.329061139592251251e-02
-4.168624127890929731e-01 1.077863526399307909e-02 2.278267724648742609e-01 -3.538451072629291705e-01 3.483834579523074626e-01
-4.949960622554448464e-01 2.643313234739439466e-01 -1.294703164791309036e-01 -1.565626923170425344e-02 1.434766971237758371e-01
-5.767471524029020857e-01 5.436627112578885646e-01 -5.668429806855667108e-01 5.872250054041421308e-01 -5.974188333330646694e-01
